[header]
width=24
height=16
tilewidth=16
tileheight=16

[tilesets]
tileset=../arne_sprites.png,16,16,0,0

[layer]
type=Tile Layer 1
data=
19,17,2,17,17,19,20,17,17,20,18,18,2,20,20,20,17,19,17,19,17,17,18,2,
18,0,0,0,0,0,0,0,0,0,0,0,0,0,0,0,0,0,0,0,0,0,0,2,
17,0,0,0,0,0,0,0,0,0,0,0,0,0,0,0,0,0,0,0,0,0,0,19,
17,0,0,0,0,0,0,0,0,0,0,0,0,0,0,0,0,0,0,0,0,0,0,20,
20,0,0,0,0,0,0,0,0,0,0,0,0,0,0,0,0,0,0,0,0,0,0,19,
20,0,0,0,0,0,0,0,0,0,0,0,0,0,0,0,0,0,0,0,0,0,0,2,
2,0,0,0,0,0,0,0,0,0,0,0,0,0,0,0,0,0,0,0,0,0,0,17,
18,0,0,0,0,0,0,0,0,0,0,0,0,0,0,0,0,0,0,0,0,0,0,20,
17,0,0,0,0,0,0,0,0,0,0,0,0,0,0,0,0,0,18,17,18,17,2,19,
17,0,0,0,0,0,0,0,0,0,0,0,0,0,0,0,0,17,33,33,33,33,33,17,
19,0,0,0,0,0,0,0,0,0,0,0,0,0,0,0,0,0,0,0,0,0,0,17,
19,0,0,0,0,0,0,0,0,0,0,0,0,0,0,0,0,0,0,0,0,0,0,19,
20,0,0,0,0,0,0,0,0,0,0,0,0,0,0,0,0,0,0,0,0,0,0,18,
19,19,2,19,20,20,17,19,19,18,19,20,20,19,17,2,19,18,19,2,2,20,2,2,
20,34,33,36,34,34,36,33,36,33,34,34,33,33,33,36,36,33,35,36,35,33,34,19,
2,36,33,36,34,35,36,36,33,33,34,34,36,34,36,33,36,34,33,35,36,33,36,17

[ObjectsLayer]
type=start
location=33.3333,174.333,0,0

[ObjectsLayer]
type=platform
location=256,176,0,0

